346,4
4294967278,165
4294967278,159
4294967279,158
4294967279,154
4294967278,226
4294967279,88
4294967279,159
4294967278,344
4294967279,229
4294967278,202
4294967278,186
4294967279,221
4294967278,244
4294967279,219
4294967278,134
4294967279,157
4294967278,230
4294967278,371
4294967279,318
4294967278,209
4294967278,367
4294967279,442
4294967279,441
4294967278,177
4294967279,148
4294967278,342
4294967278,263
4294967279,433
4294967279,275
4294967279,35
4294967278,364
4294967279,146
4294967279,262
4294967278,252
4294967278,357
183,2
4294967278,28
428,10
428,0
4294967278,353
4294967278,168
324,7
324,6
324,5
324,4
4294967294,1481
4294967294,1537
4294967294,505
429,14
429,0
4294967279,274
4294967278,266
4294967279,430
4294967278,351
4294967278,350
4294967279,249
4294967279,427
4294967278,210
4294967279,425
4294967279,423
168,6
168,8
4294967278,14
4294967279,224
4294967279,422
146,6
146,8
428,9
4294967278,261
4294967279,226
4294967278,222
4294967279,280
4294967278,200
4294967278,228
4294967279,412
4294967278,345
4294967279,409
4294967279,407
4294967279,244
4294967278,339
4294967278,192
4294967278,166
4294967278,191
4294967278,253
4294967278,335
4294967278,208
4294967279,403
4294967279,212
428,8
428,7
4294967278,164
4294967279,135
4294967279,400
4294967279,399
4294967278,234
4294967278,199
4294967278,333
4294967278,213
4294967278,281
4294967279,398
4294967278,326
4294967278,217
4294967278,224
4294967279,214
4294967278,182
4294967279,432
4294967279,209
4294967279,397
4294967279,265
4294967279,396
4294967278,201
4294967279,395
4294967279,389
4294967278,181
4294967279,394
60,2
4294967279,385
4294967279,210
4294967278,207
4294967278,249
4294967278,247
4294967279,393
4294967278,197
4294967278,175
4294967278,368
4294967279,392
4294967279,388
4294967279,426
4294967279,360
4294967278,132
4294967278,127
4294967278,125
4294967278,124
4294967278,122
4294967278,119
4294967278,115
4294967278,114
4294967278,113
4294967278,109
4294967278,106
4294967278,358
4294967279,424
4294967278,111
4294967278,325
4294967279,356
4294967279,429
4294967278,104
4294967278,103
4294967278,101
4294967278,94
4294967278,93
4294967278,92
4294967278,90
4294967278,84
4294967278,82
4294967278,81
4294967278,79
4294967278,76
4294967278,243
4294967278,73
4294967278,71
4294967278,70
4294967278,68
4294967278,61
4294967278,60
4294967278,59
4294967278,55
4294967278,52
4294967278,50
4294967278,47
4294967278,40
4294967278,38
4294967278,37
4294967278,26
4294967278,7
4294967278,6
4294967278,5
4294967279,126
4294967279,125
4294967279,365
4294967279,124
4294967279,122
4294967279,117
4294967279,115
4294967279,114
4294967279,112
4294967279,109
4294967279,105
4294967279,104
4294967279,103
4294967279,101
4294967279,96
4294967279,22
4294967278,341
4294967278,187
4294967279,428
4294967278,235
141,8
46,12
46,11
46,10
46,9
46,8
46,7
46,6
125,8
125,7
125,5
125,4
4294967294,481
4294967294,480
4294967294,1523
4294967279,390
4294967278,229
4294967278,227
4294967279,386
4294967278,65
4294967278,225
4294967278,176
4294967278,170
4294967278,57
4294967278,215
4294967279,384
343,20
343,18
343,16
343,14
343,13
4294967294,1472
4294967294,1508
60,4
173,4
4294967278,338
4294967279,319
46,4
196,2
175,4
4294967279,133
4294967278,531
4294967278,567
4294967279,417
4294967278,223
4294967279,286
4294967294,1573
4294967279,317
4294967279,374
4294967278,231
4294967279,408
4294967279,362
4294967278,313
4294967279,316
4294967278,311
4294967278,310
293,2
4294967279,405
4294967294,1558
4294967279,302
4294967279,315
4294967278,331
4294967278,361
4294967279,306
4294967279,305
4294967279,304
4294967278,557
4294967279,293
4294967278,35
4294967278,29
4294967278,274
4294967278,575
4294967279,300
4294967279,431
4294967278,332
4294967278,308
4294967278,307
4294967278,2
4294967278,88
357,7
357,6
357,5
357,2
357,4
4294967279,299
4294967279,298
4294967278,306
4294967278,305
4294967279,19
4294967279,16
4294967278,304
4294967279,297
4294967279,2
4294967278,303
4294967279,335
4294967278,300
4294967278,291
4294967278,327
4294967294,1367
4294967279,294
4294967278,290
4294967278,289
4294967279,406
4294967279,235
4294967279,404
4294967278,288
4294967279,325
4294967279,419
4294967278,334
4294967279,320
4294967294,1556
4294967278,349
140,2
4294967278,283
4294967279,245
4294967278,282
4294967279,373
4294967278,280
4294967278,278
4294967279,289
4294967278,273
4294967279,339
4294967279,288
4294967278,277
139,2
327,7
327,5
138,65
138,0
138,64
138,38
138,37
138,36
138,35
138,34
138,33
138,32
138,31
138,30
138,29
138,28
138,27
138,26
138,25
138,24
138,23
138,22
138,21
138,20
138,19
138,18
138,17
138,16
138,15
138,14
138,13
138,12
138,11
138,10
138,9
138,8
138,1
138,7
4294967278,275
143,21
143,0
143,20
143,19
143,18
143,17
143,16
143,15
143,14
143,13
143,12
143,11
143,10
143,9
143,8
143,1
143,7
143,2
143,6
143,4
143,5
268,12
268,0
268,11
268,10
268,9
226,1
226,7
226,0
293,7
293,8
293,6
293,5
293,4
268,8
190,2
357,11
357,0
357,10
357,9
357,8
142,11
142,0
142,10
142,9
142,8
142,6
140,9
140,8
140,7
140,5
140,4
140,6
139,9
139,8
139,7
139,5
139,4
139,6
148,7
148,8
148,4
175,8
175,0
175,1
175,7
500,7
500,0
500,6
499,7
499,0
499,6
175,2
4294967278,272
261,2
264,2
4294967279,287
190,4
195,2
189,2
188,2
187,2
197,2
268,6
268,1
268,7
268,5
268,2
268,4
298,7
264,4
264,5
4294967294,1548
226,5
175,6
4294967279,285
129,18
129,0
129,1
129,17
429,13
429,12
4294967294,1517
175,5
4294967294,1512
4294967278,343
4294967279,283
189,4
194,4
4294967294,1386
183,4
187,4
128,2
126,6
188,5
188,4
4294967294,1501
195,4
4294967294,1502
196,4
197,4
4294967294,1504
4294967278,276
176,8
176,0
176,1
176,7
176,2
176,6
176,4
176,5
4294967294,1511
342,12
342,0
342,1
342,11
342,2
4294967294,1369
4294967278,267
129,2
342,8
342,7
342,6
342,4
342,5
133,7
133,6
133,5
128,8
184,9
184,0
184,1
184,8
184,2
131,2
4294967278,323
4294967278,319
4,2
184,7
184,6
184,5
184,4
129,8
129,15
129,14
129,13
129,12
129,11
129,10
129,7
129,5
129,4
129,6
448,7
448,0
448,6
132,2
130,7
130,8
174,18
174,0
174,17
174,16
174,15
174,14
4294967278,196
174,13
174,12
174,11
174,10
174,9
174,8
4294967279,436
174,6
174,1
174,7
174,2
174,4
174,5
4294967294,1499
4294967279,364
4294967278,314
4,19
4,17
4,16
4,14
4,5
4,6
131,8
4,12
4,10
4,9
4,20
4,18
4,15
4,13
4,11
4,8
4,7
4294967294,1379
4294967279,256
333,6
333,5
333,2
333,4
132,8
132,6
132,5
225,6
2,5
46,0
4294967294,1392
4294967278,545
3,9
3,34
3,18
3,10
3,15
3,6
3,12
3,17
3,8
3,16
3,14
3,23
3,35
3,2
250,4
261,4
286,14
286,13
286,12
286,11
286,10
286,9
286,8
286,7
286,6
286,5
286,4
283,4
4294967294,1404
4294967294,506
321,4
304,4
4294967294,479
4294967294,1014
4294967294,1013
4294967294,1012
4294967294,1094
4294967294,1008
4294967294,1001
4294967294,1007
4294967294,999
4294967294,1090
4294967294,1088
4294967294,1089
4294967294,1091
4294967294,401
4294967294,1105
4294967294,1104
4294967294,185
4294967294,162
229,4
4294967294,5
46,5
4294967294,497
4294967294,81
4294967294,84
513,4
513,3
513,2
513,1
4294967294,1554
4294967294,419
4294967294,1635
512,4
512,3
512,2
512,1
4294967279,141
4294967294,1020
4294967294,1514
511,6
4294967279,282
511,5
511,4
511,3
511,2
511,1
4294967294,1634
510,4
510,3
510,2
510,1
4294967279,277
4294967294,1557
4294967294,1568
4294967294,1509
4294967278,530
509,7
4294967278,256
4294967279,382
4294967279,261
509,6
509,5
509,4
509,3
509,2
509,1
4294967279,257
4294967294,1390
4294967294,1633
508,5
508,4
508,3
508,2
508,1
4294967279,284
4294967279,259
507,4
507,3
507,2
507,1
4294967294,484
4294967294,1505
4294967294,1527
4294967294,461
4294967294,404
4294967294,1507
506,4
506,3
506,2
506,1
505,4
505,3
505,2
505,1
4294967278,255
4294967294,1632
504,6
504,5
504,4
504,3
504,2
504,1
4294967294,1591
4294967278,251
4294967294,1631
4294967278,248
503,7
503,6
503,5
503,4
503,3
503,2
503,1
4294967279,334
502,13
4294967278,317
4294967278,137
4294967278,574
4294967279,281
4294967278,328
4294967279,383
502,12
4294967294,1497
4294967278,221
4294967278,174
4294967279,380
502,11
4294967294,407
4294967294,1361
4294967294,1385
4294967294,1178
4294967294,1552
4294967294,1022
4294967294,168
4294967294,469
4294967294,455
4294967294,508
4294967294,116
4294967294,119
4294967294,418
4294967294,1395
4294967278,570
502,10
4294967294,1592
4294967294,1574
502,9
4294967278,568
502,8
502,7
502,6
502,5
502,4
502,3
502,2
502,1
4294967278,517
4294967278,566
4294967279,378
501,7
4294967278,233
501,6
4294967294,1630
4294967279,195
501,5
501,4
501,3
501,2
501,1
4294967278,559
4294967278,190
4294967279,191
500,5
500,4
500,3
500,2
500,1
4294967279,416
4294967294,1629
4294967279,188
499,5
499,4
499,3
499,2
499,1
4294967278,184
4294967279,296
4294967279,410
498,14
4294967278,179
4294967278,565
498,13
4294967294,1374
4294967294,1539
4294967294,392
4294967294,429
4294967294,1572
4294967294,114
4294967294,1368
4294967294,1590
4294967294,163
4294967294,161
4294967294,190
4294967294,1093
4294967278,564
4294967279,366
498,12
4294967294,1589
4294967279,402
4294967278,543
498,11
4294967294,1487
4294967294,398
4294967294,1177
4294967294,420
4294967294,400
4294967294,108
4294967294,467
4294967278,542
4294967279,215
4294967279,377
498,10
498,9
498,8
498,7
498,6
498,5
498,4
498,3
498,2
498,1
497,5
497,4
497,3
497,2
497,1
4294967278,552
4294967278,521
496,5
4294967278,157
496,4
496,3
496,2
496,1
495,4
4294967278,153
495,3
495,2
495,1
4294967278,312
4294967294,1486
4294967278,219
494,6
494,5
494,4
494,3
494,2
494,1
4294967279,367
4294967294,389
493,5
493,4
4294967278,142
493,3
493,2
493,1
4294967278,532
4294967279,371
4294967278,138
492,6
492,5
492,4
492,3
492,2
492,1
4294967278,546
4294967279,307
491,6
491,5
491,4
491,3
491,2
491,1
4294967278,324
4294967279,361
490,6
490,5
490,4
490,3
490,2
490,1
4294967278,259
4294967279,391
4294967294,176
4294967294,1092
4294967294,1015
4294967294,1018
4294967294,170
4294967294,1004
4294967278,279
4294967278,301
489,6
489,5
4294967279,312
489,4
489,3
489,2
489,1
4294967294,1485
4294967278,295
488,6
4294967294,1628
4294967279,254
488,5
488,4
488,3
488,2
488,1
4294967294,1627
4294967278,320
487,6
487,5
487,4
487,3
487,2
487,1
4294967278,236
4294967294,1626
4294967279,414
4294967278,330
4294967279,359
486,6
486,5
